Results
LR: 1e-05
Slots: 0.6907186499854524
Intent: 0.8674698795180723

