Results
LR: 1e-05
Slots: 0
Intent: 0.0321285140562249

LR: 2e-05
Slots: 0
Intent: 0.0321285140562249

LR: 3e-05
Slots: 0
Intent: 0.0321285140562249

LR: 4e-05
Slots: 0
Intent: 0.0321285140562249

