Results
Scheduler: None
LR: 1e-05
Slots: 0.9414862492685782
Intent: 0.9779116465863453

Scheduler: None
LR: 2e-05
Slots: 0.9490333919156415
Intent: 0.9859437751004017

Scheduler: None
LR: 3e-05
Slots: 0.9522414298271317
Intent: 0.9919678714859438

Scheduler: None
LR: 4e-05
Slots: 0.9591776798825258
Intent: 0.9839357429718876

##### bin/10-13