Results
LR: 1e-05
Slots: 0.0008577555396711939
Intent: 0.004016064257028112

LR: 2e-05
Slots: 0.0008577555396711939
Intent: 0.004016064257028112

LR: 3e-05
Slots: 0.0008577555396711939
Intent: 0.004016064257028112

LR: 4e-05
Slots: 0.0008577555396711939
Intent: 0.004016064257028112

